20.144928	98.545
20.290907	98.533
20.437943	98.519
20.586044	98.502
20.735220	98.483
20.885475	98.464
21.036821	98.446
21.189262	98.431
21.342808	98.418
21.497467	98.408
21.653246	98.401
21.810154	98.396
21.968201	98.392
22.127390	98.387
22.287735	98.382
22.449242	98.374
22.611917	98.364
22.775772	98.352
22.940815	98.337
23.107054	98.322
23.274498	98.308
23.443153	98.295
23.613033	98.285
23.784142	98.278
23.956491	98.276
24.130091	98.276
24.304947	98.280
24.481071	98.284
24.658470	98.288
24.837156	98.291
25.017136	98.291
25.198421	98.288
25.381020	98.284
25.564941	98.279
25.750195	98.276
25.936790	98.276
26.124741	98.280
26.314051	98.290
26.504732	98.306
26.696796	98.327
26.890253	98.350
27.085112	98.375
27.281382	98.398
27.479073	98.418
27.678198	98.433
27.878765	98.444
28.080786	98.452
28.284271	98.456
28.489231	98.459
28.695675	98.461
28.903616	98.463
29.113064	98.466
29.324028	98.468
29.536524	98.470
29.750557	98.472
29.966141	98.473
30.183289	98.474
30.402010	98.477
30.622314	98.481
30.844217	98.488
31.067726	98.499
31.292856	98.513
31.519617	98.529
31.748020	98.547
31.978081	98.564
32.209808	98.580
32.443211	98.595
32.678310	98.608
32.915108	98.622
33.153625	98.635
33.393871	98.650
33.635857	98.666
33.879597	98.682
34.125103	98.699
34.372387	98.715
34.621464	98.730
34.872345	98.747
35.125042	98.763
35.379574	98.782
35.635948	98.800
35.894180	98.819
36.154285	98.834
36.416275	98.844
36.680161	98.849
36.945961	98.848
37.213688	98.845
37.483353	98.843
37.754974	98.845
38.028561	98.854
38.304131	98.869
38.581699	98.888
38.861279	98.908
39.142883	98.924
39.426529	98.935
39.712231	98.943
40.000000	98.950
40.289856	98.959
40.581814	98.974
40.875885	98.994
41.172089	99.018
41.470440	99.042
41.770950	99.064
42.073643	99.086
42.378525	99.109
42.685616	99.136
42.994934	99.170
43.306492	99.209
43.620308	99.253
43.936401	99.297
44.254780	99.338
44.575470	99.376
44.898483	99.411
45.223835	99.442
45.551544	99.471
45.881630	99.496
46.214108	99.515
46.548996	99.529
46.886307	99.536
47.226067	99.541
47.568283	99.545
47.912983	99.552
48.260181	99.561
48.609894	99.571
48.962143	99.579
49.316940	99.586
49.674313	99.590
50.034271	99.590
50.396843	99.587
50.762039	99.582
51.129883	99.573
51.500389	99.562
51.873581	99.549
52.249481	99.534
52.628101	99.518
53.009464	99.503
53.393593	99.490
53.780506	99.477
54.170223	99.466
54.562763	99.456
54.958145	99.445
55.356396	99.432
55.757530	99.416
56.161572	99.395
56.568542	99.370
56.978462	99.342
57.391350	99.315
57.807232	99.293
58.226128	99.278
58.648056	99.267
59.073048	99.256
59.501114	99.241
59.932281	99.223
60.366577	99.207
60.804020	99.195
61.244629	99.188
61.688435	99.179
62.135452	99.168
62.585712	99.158
63.039234	99.158
63.496040	99.175
63.956161	99.211
64.419617	99.261
64.886421	99.318
65.356621	99.375
65.830215	99.428
66.307251	99.473
66.787743	99.512
67.271713	99.546
67.759193	99.578
68.250206	99.603
68.744774	99.615
69.242928	99.610
69.744690	99.597
70.250084	99.588
70.759148	99.594
71.271896	99.617
71.788361	99.652
72.308571	99.692
72.832550	99.733
73.360321	99.772
73.891922	99.808
74.427376	99.842
74.966705	99.875
75.509949	99.909
76.057121	99.940
76.608261	99.967
77.163399	99.990
77.722557	100.011
78.285767	100.032
78.853058	100.052
79.424461	100.073
80.000000	100.100
80.579712	100.131
81.163628	100.155
81.751770	100.160
82.344177	100.142
82.940880	100.105
83.541901	100.058
84.147285	100.005
84.757050	99.952
85.371231	99.905
85.989868	99.866
86.612984	99.834
87.240616	99.809
87.872803	99.789
88.509560	99.775
89.150940	99.769
89.796967	99.765
90.447670	99.763
91.103088	99.762
91.763260	99.763
92.428215	99.760
93.097992	99.746
93.772614	99.721
94.452133	99.693
95.136566	99.670
95.825966	99.642
96.520363	99.596
97.219788	99.527
97.924286	99.447
98.633881	99.370
99.348625	99.296
100.068542	99.218
100.793686	99.141
101.524078	99.073
102.259766	99.014
103.000778	98.956
103.747162	98.897
104.498962	98.836
105.256203	98.771
106.018929	98.702
106.787186	98.625
107.561012	98.541
108.340446	98.450
109.125526	98.358
109.916290	98.275
110.712791	98.199
111.515060	98.120
112.323143	98.032
113.137085	97.943
113.956924	97.852
114.782700	97.755
115.614464	97.659
116.452255	97.566
117.296112	97.474
118.146095	97.383
119.002228	97.299
119.864563	97.221
120.733154	97.147
121.608040	97.076
122.489258	96.999
123.376869	96.911
124.270905	96.818
125.171425	96.736
126.078468	96.664
126.992081	96.589
127.912323	96.510
128.839233	96.440
129.772842	96.390
130.713242	96.351
131.660431	96.314
132.614502	96.275
133.575485	96.230
134.543427	96.175
135.518387	96.109
136.500412	96.044
137.489548	95.988
138.485855	95.937
139.489380	95.889
140.500168	95.852
141.518295	95.825
142.543793	95.793
143.576721	95.741
144.617142	95.679
145.665100	95.625
146.720642	95.583
147.783844	95.541
148.854752	95.491
149.933411	95.444
151.019897	95.415
152.114243	95.400
153.216522	95.378
154.326797	95.331
155.445114	95.268
156.571533	95.210
157.706116	95.171
158.848923	95.142
160.000000	95.112
161.159424	95.073
162.327255	95.020
163.503540	94.956
164.688354	94.886
165.881760	94.822
167.083801	94.778
168.294571	94.753
169.514099	94.733
170.742462	94.713
171.979736	94.686
173.225967	94.641
174.481232	94.572
175.745605	94.507
177.019119	94.476
178.301880	94.473
179.593933	94.462
180.895340	94.421
182.206177	94.364
183.526520	94.314
184.856430	94.277
186.195984	94.246
187.545227	94.210
188.904266	94.158
190.273132	94.089
191.651932	94.030
193.040726	94.005
194.439575	93.991
195.848572	93.963
197.267761	93.928
198.697250	93.907
200.137085	93.903
201.587372	93.893
203.048157	93.858
204.519531	93.812
206.001556	93.779
207.494324	93.754
208.997925	93.724
210.512405	93.691
212.037857	93.661
213.574371	93.626
215.122025	93.587
216.680893	93.551
218.251053	93.521
219.832581	93.493
221.425583	93.463
223.030121	93.431
224.646286	93.402
226.274170	93.364
227.913849	93.313
229.565399	93.265
231.228928	93.232
232.904510	93.218
234.592224	93.215
236.292191	93.220
238.004456	93.233
239.729126	93.254
241.466309	93.277
243.216080	93.297
244.978516	93.313
246.753738	93.319
248.541809	93.320
250.342850	93.323
252.156937	93.331
253.984161	93.349
255.824646	93.371
257.678467	93.382
259.545685	93.374
261.426483	93.364
263.320862	93.366
265.229004	93.375
267.150970	93.382
269.086853	93.390
271.036774	93.400
273.000824	93.409
274.979095	93.419
276.971710	93.429
278.978760	93.436
281.000336	93.443
283.036591	93.448
285.087585	93.446
287.153442	93.441
289.234283	93.446
291.330200	93.467
293.441284	93.495
295.567688	93.528
297.709503	93.576
299.866821	93.628
302.039795	93.670
304.228485	93.702
306.433044	93.726
308.653595	93.740
310.890228	93.756
313.143066	93.786
315.412231	93.818
317.697845	93.837
320.000000	93.853
322.318848	93.880
324.654510	93.927
327.007080	93.985
329.376709	94.044
331.763519	94.094
334.167603	94.136
336.589142	94.183
339.028198	94.237
341.484924	94.292
343.959473	94.341
346.451935	94.391
348.962463	94.440
351.491211	94.475
354.038239	94.496
356.603760	94.516
359.187866	94.543
361.790680	94.575
364.412354	94.616
367.053040	94.661
369.712860	94.700
372.391968	94.730
375.090454	94.760
377.808533	94.791
380.546265	94.817
383.303864	94.846
386.081451	94.888
388.879150	94.933
391.697144	94.973
394.535522	95.007
397.394501	95.029
400.274170	95.040
403.174744	95.047
406.096313	95.056
409.039062	95.062
412.003113	95.060
414.988647	95.045
417.995850	95.017
421.024811	94.985
424.075714	94.961
427.148743	94.943
430.244049	94.915
433.361786	94.875
436.502106	94.828
439.665161	94.779
442.851166	94.738
446.060242	94.707
449.292572	94.675
452.548340	94.634
455.827698	94.576
459.130798	94.500
462.457855	94.417
465.809021	94.340
469.184448	94.276
472.584381	94.217
476.008911	94.146
479.458252	94.067
482.932617	93.992
486.432159	93.915
489.957031	93.829
493.507477	93.731
497.083618	93.630
500.685699	93.542
504.313873	93.468
507.968323	93.394
511.649292	93.310
515.356934	93.221
519.091370	93.134
522.852966	93.047
526.641724	92.960
530.458008	92.878
534.301941	92.800
538.173706	92.727
542.073547	92.655
546.001648	92.580
549.958191	92.502
553.943420	92.430
557.957520	92.365
562.000671	92.302
566.073181	92.237
570.175171	92.165
574.306885	92.084
578.468567	92.006
582.660400	91.938
586.882568	91.872
591.135376	91.805
595.419006	91.744
599.733643	91.691
604.079590	91.635
608.456970	91.575
612.866089	91.523
617.307190	91.480
621.780457	91.434
626.286133	91.385
630.824463	91.342
635.395691	91.300
640.000000	91.258
644.637695	91.220
649.309021	91.189
654.014160	91.155
658.753418	91.114
663.527039	91.067
668.335205	91.027
673.178284	91.010
678.056396	91.006
682.969849	90.993
687.918945	90.973
692.903870	90.955
697.924927	90.941
702.982422	90.933
708.076477	90.921
713.207520	90.909
718.375732	90.905
723.581360	90.901
728.824707	90.888
734.106079	90.873
739.425720	90.862
744.783936	90.846
750.180908	90.832
755.617065	90.829
761.092529	90.824
766.607727	90.818
772.162903	90.810
777.758301	90.796
783.394287	90.787
789.071045	90.787
794.789001	90.784
800.548340	90.784
806.349487	90.801
812.192627	90.829
818.078125	90.846
824.006226	90.853
829.977295	90.854
835.991699	90.857
842.049622	90.873
848.151428	90.898
854.297485	90.919
860.488098	90.929
866.723572	90.935
873.004211	90.942
879.330322	90.962
885.702332	90.997
892.120483	91.037
898.585144	91.077
905.096680	91.122
911.655396	91.174
918.261597	91.231
924.915710	91.291
931.618042	91.349
938.368896	91.399
945.168762	91.452
952.017822	91.525
958.916504	91.619
965.865234	91.730
972.864319	91.841
979.914062	91.946
987.014954	92.049
994.167236	92.153
1001.371399	92.260
1008.627747	92.364
1015.936646	92.458
1023.298584	92.538
1030.713867	92.615
1038.182739	92.702
1045.705933	92.798
1053.283447	92.904
1060.916016	93.011
1068.603882	93.109
1076.347412	93.197
1084.147095	93.277
1092.003296	93.348
1099.916382	93.407
1107.886841	93.463
1115.915039	93.526
1124.001343	93.596
1132.146362	93.680
1140.350342	93.778
1148.613770	93.890
1156.937134	94.013
1165.320801	94.149
1173.765137	94.298
1182.270752	94.439
1190.838013	94.542
1199.467285	94.611
1208.159180	94.675
1216.913940	94.749
1225.732178	94.821
1234.614380	94.879
1243.560913	94.925
1252.572266	94.971
1261.648926	95.023
1270.791382	95.082
1280.000000	95.145
1289.275391	95.211
1298.618042	95.279
1308.028320	95.347
1317.506836	95.401
1327.054077	95.440
1336.670410	95.475
1346.356567	95.510
1356.112793	95.557
1365.939697	95.637
1375.837891	95.728
1385.807739	95.808
1395.849854	95.888
1405.964844	95.962
1416.152954	96.003
1426.415039	96.008
1436.751465	95.985
1447.162720	95.936
1457.649414	95.861
1468.212158	95.776
1478.851440	95.702
1489.567871	95.645
1500.361816	95.600
1511.234131	95.562
1522.185059	95.530
1533.215454	95.507
1544.325806	95.504
1555.516602	95.521
1566.788574	95.546
1578.142090	95.569
1589.578003	95.592
1601.096680	95.615
1612.698975	95.628
1624.385254	95.631
1636.156250	95.632
1648.012451	95.626
1659.954590	95.609
1671.983398	95.593
1684.099243	95.578
1696.302856	95.552
1708.594971	95.536
1720.976196	95.528
1733.447144	95.517
1746.008423	95.499
1758.660645	95.472
1771.404663	95.442
1784.240967	95.413
1797.170288	95.390
1810.193359	95.388
1823.310791	95.411
1836.523193	95.436
1849.831421	95.450
1863.236084	95.469
1876.737793	95.508
1890.337524	95.566
1904.035645	95.617
1917.833008	95.641
1931.730469	95.631
1945.728638	95.598
1959.828125	95.567
1974.029907	95.548
1988.334473	95.538
2002.742798	95.513
2017.255493	95.474
2031.873291	95.451
2046.597168	95.441
2061.427734	95.438
2076.365479	95.452
2091.411865	95.475
2106.566895	95.491
2121.832031	95.507
2137.207764	95.522
2152.694824	95.525
2168.294189	95.517
2184.006592	95.502
2199.832764	95.475
2215.773682	95.435
2231.830078	95.411
2248.002686	95.412
2264.292725	95.416
2280.700684	95.406
2297.227539	95.390
2313.874268	95.373
2330.641602	95.364
2347.530273	95.358
2364.541504	95.331
2381.676025	95.290
2398.934570	95.254
2416.318359	95.224
2433.827881	95.200
2451.464355	95.191
2469.228760	95.189
2487.121826	95.191
2505.144531	95.209
2523.297852	95.244
2541.582764	95.287
2560.000000	95.337
2578.550781	95.377
2597.236084	95.391
2616.056641	95.396
2635.013672	95.392
2654.108154	95.381
2673.340820	95.360
2692.713135	95.332
2712.225586	95.308
2731.879395	95.286
2751.675781	95.276
2771.615479	95.276
2791.699707	95.285
2811.929688	95.322
2832.305908	95.377
2852.830078	95.440
2873.502930	95.515
2894.325439	95.586
2915.298828	95.628
2936.424316	95.630
2957.702881	95.610
2979.135742	95.596
3000.723633	95.596
3022.468262	95.596
3044.370117	95.591
3066.430908	95.610
3088.651611	95.646
3111.033203	95.674
3133.577148	95.703
3156.284180	95.736
3179.156006	95.758
3202.193359	95.744
3225.397949	95.681
3248.770508	95.583
3272.312500	95.451
3296.024902	95.268
3319.909180	95.044
3343.966797	94.810
3368.198486	94.583
3392.605713	94.360
3417.189941	94.124
3441.952393	93.865
3466.894287	93.592
3492.016846	93.353
3517.321289	93.187
3542.809326	93.070
3568.481934	92.965
3594.340576	92.883
3620.386719	92.848
3646.621582	92.855
3673.046387	92.891
3699.662842	92.927
3726.472168	92.944
3753.475586	92.961
3780.675049	93.029
3808.071289	93.184
3835.666016	93.411
3863.460938	93.661
3891.457275	93.906
3919.656250	94.128
3948.059814	94.314
3976.668945	94.436
4005.485596	94.503
4034.510986	94.564
4063.746582	94.649
4093.194336	94.758
4122.855469	94.893
4152.730957	95.064
4182.823730	95.256
4213.133789	95.431
4243.664062	95.586
4274.415527	95.742
4305.389648	95.891
4336.588379	96.058
4368.013184	96.288
4399.665527	96.571
4431.547363	96.876
4463.660156	97.170
4496.005371	97.435
4528.585449	97.679
4561.401367	97.888
4594.455078	98.051
4627.748535	98.169
4661.283203	98.229
4695.060547	98.247
4729.083008	98.237
4763.352051	98.179
4797.869141	98.078
4832.636719	97.961
4867.655762	97.853
4902.928711	97.760
4938.457520	97.699
4974.243652	97.675
5010.289062	97.653
5046.595703	97.622
5083.165527	97.590
5120.000000	97.540
5157.101562	97.481
5194.472168	97.445
5232.113281	97.447
5270.027344	97.465
5308.216309	97.486
5346.681641	97.520
5385.426270	97.583
5424.451172	97.657
5463.758789	97.709
5503.351562	97.745
5543.230957	97.794
5583.399414	97.844
5623.859375	97.890
5664.611816	97.929
5705.660156	97.954
5747.005859	97.971
5788.650879	97.995
5830.597656	98.042
5872.848633	98.117
5915.405762	98.210
5958.271484	98.315
6001.447266	98.395
6044.936523	98.419
6088.740234	98.383
6132.861816	98.281
6177.303223	98.102
6222.066406	97.833
6267.154297	97.461
6312.568359	96.998
6358.312012	96.462
6404.386719	95.870
6450.795898	95.238
6497.541016	94.567
6544.625000	93.879
6592.049805	93.192
6639.818359	92.485
6687.933594	91.740
6736.396973	90.960
6785.211426	90.187
6834.379883	89.458
6883.904785	88.769
6933.788574	88.089
6984.033691	87.426
7034.642578	86.807
7085.618652	86.241
7136.963867	85.740
7188.681152	85.297
7240.773438	84.890
7293.243164	84.506
7346.092773	84.155
7399.325684	83.857
7452.944336	83.621
7506.951172	83.466
7561.350098	83.425
7616.142578	83.550
7671.332031	83.857
7726.921875	84.333
7782.914551	84.971
7839.312500	85.730
7896.119629	86.542
7953.337891	87.375
8010.971191	88.204
8069.021973	88.978
8127.493164	89.662
8186.388672	90.252
8245.710938	90.760
8305.461914	91.191
8365.647461	91.527
8426.267578	91.773
8487.328125	91.920
8548.831055	91.915
8610.779297	91.716
8673.176758	91.298
8736.026367	90.651
8799.331055	89.813
8863.094727	88.860
8927.320312	87.848
8992.010742	86.795
9057.170898	85.715
9122.802734	84.585
9188.910156	83.349
9255.497070	81.951
9322.566406	80.341
9390.121094	78.451
9458.166016	76.178
9526.704102	73.379
9595.738281	69.891
9665.273438	65.931
9735.311523	64.001
9805.857422	66.138
9876.915039	68.880
9948.487305	70.995
10020.578125	72.530
10093.191406	73.653
10166.331055	74.547
10240.000000	75.348
10314.203125	76.146
10388.944336	77.024
10464.226562	78.044
10540.054688	79.224
10616.432617	80.566
10693.363281	82.054
10770.852539	83.666
10848.902344	85.350
10927.517578	86.977
11006.703125	88.412
11086.461914	89.548
11166.798828	90.239
11247.718750	90.407
11329.223633	90.095
11411.320312	89.444
11494.011719	88.636
11577.301758	87.859
11661.195312	87.253
11745.697266	86.881
11830.811523	86.748
11916.542969	86.839
12002.894531	87.153
12089.873047	87.733
12177.480469	88.590
12265.723633	89.687
12354.606445	90.949
12444.132812	92.256
12534.308594	93.429
12625.136719	94.259
12716.624023	94.532
12808.773438	94.107
12901.591797	92.967
12995.082031	91.202
13089.250000	89.021
13184.099609	86.695
13279.636719	84.684
13375.867188	83.660
13472.793945	83.889
13570.422852	84.796
13668.759766	85.682
13767.809570	86.054
13867.577148	85.579
13968.067383	84.114
14069.285156	81.681
14171.237305	78.394
14273.927734	74.462
14377.362305	70.429
14481.546875	68.023
14586.486328	68.622
14692.185547	70.574
14798.651367	72.708
14905.888672	74.812
15013.902344	76.773
15122.700195	78.337
15232.285156	79.291
15342.664062	79.697
15453.843750	79.790
15565.829102	79.760
15678.625000	79.638
15792.239258	79.288
15906.675781	78.662
16021.942383	77.878
16138.043945	77.233
16254.986328	77.052
16372.777344	77.484
16491.421875	78.488
16610.923828	79.937
16731.294922	81.628
16852.535156	83.192
16974.656250	84.230
17097.662109	84.515
17221.558594	84.126
17346.353516	83.386
17472.052734	82.645
17598.662109	82.073
17726.189453	81.610
17854.640625	81.085
17984.021484	80.321
18114.341797	79.238
18245.605469	77.921
18377.820312	76.474
18510.994141	74.860
18645.132812	73.015
18780.242188	71.248
18916.332031	70.326
19053.408203	70.295
19191.476562	69.874
19330.546875	67.707
19470.623047	63.386
19611.714844	57.352
19753.830078	50.099
19896.974609	42.065
