20.299999	97.624
20.600000	97.586
20.900000	97.505
21.200001	97.420
21.400000	97.363
21.799999	97.247
22.000000	97.186
22.400000	97.057
22.700001	96.949
23.000000	96.834
23.299999	96.714
23.600000	96.594
24.000000	96.440
24.299999	96.331
24.700001	96.192
25.000000	96.090
25.400000	95.953
25.799999	95.819
26.200001	95.692
26.500000	95.603
26.900000	95.491
27.200001	95.407
27.600000	95.292
28.000000	95.170
28.500000	95.016
29.000000	94.874
29.500000	94.755
30.000000	94.655
30.400000	94.581
30.700001	94.525
31.100000	94.448
31.500000	94.367
32.000000	94.265
32.500000	94.167
33.000000	94.081
33.500000	94.012
34.000000	93.958
34.500000	93.913
35.000000	93.869
35.500000	93.818
36.000000	93.757
36.500000	93.685
37.000000	93.603
37.500000	93.516
38.200001	93.405
38.700001	93.349
39.500000	93.324
40.000000	93.347
40.599998	93.397
41.200001	93.454
41.799999	93.507
42.500000	93.560
43.099998	93.595
43.700001	93.614
44.400002	93.615
45.000000	93.603
45.500000	93.587
46.200001	93.558
46.799999	93.522
47.500000	93.466
48.200001	93.405
48.700001	93.364
49.400002	93.310
50.000000	93.263
50.799999	93.198
51.500000	93.147
52.200001	93.106
53.000000	93.070
53.799999	93.048
54.500000	93.042
55.200001	93.043
56.000000	93.043
57.000000	93.036
58.000000	93.022
59.000000	92.999
60.000000	92.969
60.799999	92.942
61.500000	92.916
62.200001	92.893
63.000000	92.873
64.000000	92.854
65.000000	92.834
66.000000	92.809
67.000000	92.776
68.000000	92.742
69.000000	92.718
70.000000	92.699
71.000000	92.678
72.000000	92.654
73.000000	92.632
74.000000	92.609
75.000000	92.584
76.199997	92.558
77.500000	92.536
78.800003	92.508
80.000000	92.478
81.199997	92.456
82.500000	92.435
83.800003	92.408
85.000000	92.385
86.199997	92.365
87.500000	92.340
88.500000	92.318
90.000000	92.291
91.199997	92.272
92.500000	92.242
93.800003	92.210
95.000000	92.186
96.199997	92.165
97.500000	92.142
98.800003	92.117
100.000000	92.094
101.500000	92.070
103.000000	92.041
104.400002	92.010
106.000000	91.979
107.500000	91.957
109.000000	91.937
110.599998	91.906
112.000000	91.873
113.800003	91.838
115.000000	91.819
117.199997	91.782
118.000000	91.765
120.599998	91.719
122.000000	91.702
124.099998	91.678
125.000000	91.669
126.500000	91.658
128.000000	91.650
131.500000	91.629
132.000000	91.627
134.000000	91.619
136.000000	91.615
138.000000	91.613
140.000000	91.608
143.000000	91.594
145.000000	91.585
147.500000	91.578
150.000000	91.574
152.500000	91.571
155.000000	91.566
157.500000	91.559
160.000000	91.551
162.500000	91.540
165.000000	91.521
167.500000	91.502
170.000000	91.486
172.500000	91.471
175.000000	91.451
177.500000	91.431
180.000000	91.415
182.500000	91.401
185.000000	91.390
187.500000	91.383
190.000000	91.374
192.500000	91.360
195.000000	91.344
197.500000	91.328
200.000000	91.312
203.000000	91.298
206.000000	91.289
209.000000	91.284
212.000000	91.283
214.000000	91.280
218.000000	91.273
220.000000	91.273
224.000000	91.280
227.000000	91.284
230.000000	91.284
233.000000	91.286
236.000000	91.296
240.000000	91.312
243.000000	91.324
247.000000	91.345
250.000000	91.364
254.000000	91.393
258.000000	91.427
262.000000	91.462
265.000000	91.489
269.000000	91.527
272.000000	91.564
276.000000	91.618
280.000000	91.669
285.000000	91.736
290.000000	91.811
295.000000	91.894
300.000000	91.970
304.000000	92.029
307.000000	92.076
311.000000	92.144
315.000000	92.215
320.000000	92.303
325.000000	92.391
330.000000	92.489
335.000000	92.591
340.000000	92.689
345.000000	92.797
350.000000	92.916
355.000000	93.042
360.000000	93.176
365.000000	93.296
370.000000	93.400
375.000000	93.501
382.000000	93.641
387.000000	93.734
395.000000	93.871
400.000000	93.951
406.000000	94.046
412.000000	94.137
418.000000	94.224
425.000000	94.317
431.000000	94.389
437.000000	94.463
444.000000	94.545
450.000000	94.607
455.000000	94.655
462.000000	94.719
468.000000	94.770
475.000000	94.825
482.000000	94.883
487.000000	94.926
494.000000	94.981
500.000000	95.024
508.000000	95.086
515.000000	95.145
522.000000	95.207
530.000000	95.269
538.000000	95.325
545.000000	95.374
552.000000	95.415
560.000000	95.450
570.000000	95.492
580.000000	95.536
590.000000	95.571
600.000000	95.590
608.000000	95.599
615.000000	95.607
622.000000	95.611
630.000000	95.614
640.000000	95.615
650.000000	95.610
660.000000	95.598
670.000000	95.573
680.000000	95.541
690.000000	95.505
700.000000	95.464
710.000000	95.422
720.000000	95.378
730.000000	95.332
740.000000	95.282
750.000000	95.227
762.000000	95.154
775.000000	95.069
788.000000	94.993
800.000000	94.938
812.000000	94.887
825.000000	94.825
838.000000	94.762
850.000000	94.709
862.000000	94.662
875.000000	94.617
885.000000	94.588
900.000000	94.552
912.000000	94.528
925.000000	94.504
938.000000	94.484
950.000000	94.476
962.000000	94.477
975.000000	94.478
988.000000	94.476
1000.000000	94.470
1015.000000	94.453
1030.000000	94.436
1044.000000	94.426
1060.000000	94.416
1075.000000	94.409
1090.000000	94.408
1106.000000	94.408
1120.000000	94.406
1138.000000	94.410
1150.000000	94.417
1172.000000	94.434
1180.000000	94.440
1206.000000	94.464
1220.000000	94.472
1241.000000	94.490
1250.000000	94.508
1265.000000	94.547
1280.000000	94.593
1315.000000	94.703
1320.000000	94.720
1340.000000	94.789
1360.000000	94.859
1380.000000	94.930
1400.000000	95.003
1430.000000	95.115
1450.000000	95.193
1475.000000	95.293
1500.000000	95.391
1525.000000	95.493
1550.000000	95.609
1575.000000	95.730
1600.000000	95.850
1625.000000	95.974
1650.000000	96.101
1675.000000	96.229
1700.000000	96.359
1725.000000	96.488
1750.000000	96.617
1775.000000	96.748
1800.000000	96.877
1825.000000	97.000
1850.000000	97.122
1875.000000	97.244
1900.000000	97.364
1925.000000	97.484
1950.000000	97.599
1975.000000	97.713
2000.000000	97.824
2030.000000	97.954
2060.000000	98.082
2090.000000	98.208
2120.000000	98.334
2140.000000	98.419
2180.000000	98.584
2200.000000	98.661
2240.000000	98.810
2270.000000	98.919
2300.000000	99.022
2330.000000	99.120
2360.000000	99.215
2400.000000	99.336
2430.000000	99.416
2470.000000	99.509
2500.000000	99.569
2540.000000	99.633
2580.000000	99.685
2620.000000	99.726
2650.000000	99.741
2690.000000	99.746
2720.000000	99.742
2760.000000	99.726
2800.000000	99.702
2850.000000	99.662
2900.000000	99.638
2950.000000	99.656
3000.000000	99.682
3040.000000	99.695
3070.000000	99.701
3110.000000	99.700
3150.000000	99.683
3200.000000	99.634
3250.000000	99.571
3300.000000	99.524
3350.000000	99.483
3400.000000	99.431
3450.000000	99.369
3500.000000	99.302
3550.000000	99.236
3600.000000	99.167
3650.000000	99.099
3700.000000	99.040
3750.000000	98.987
3820.000000	98.921
3870.000000	98.881
3950.000000	98.829
4000.000000	98.794
4060.000000	98.733
4120.000000	98.649
4180.000000	98.561
4250.000000	98.456
4310.000000	98.364
4370.000000	98.271
4440.000000	98.164
4500.000000	98.074
4550.000000	98.002
4620.000000	97.907
4680.000000	97.837
4750.000000	97.772
4820.000000	97.728
4870.000000	97.709
4940.000000	97.704
5000.000000	97.723
5080.000000	97.789
5150.000000	97.882
5220.000000	98.005
5300.000000	98.182
5380.000000	98.392
5450.000000	98.592
5520.000000	98.792
5600.000000	99.004
5700.000000	99.215
5800.000000	99.333
5900.000000	99.350
6000.000000	99.270
6080.000000	99.148
6150.000000	99.007
6220.000000	98.843
6300.000000	98.632
6400.000000	98.350
6500.000000	98.072
6600.000000	97.826
6700.000000	97.623
6800.000000	97.466
6900.000000	97.370
7000.000000	97.367
7100.000000	97.494
7200.000000	97.746
7300.000000	98.073
7400.000000	98.450
7500.000000	98.885
7620.000000	99.485
7750.000000	100.132
7880.000000	100.586
8000.000000	100.619
8120.000000	100.139
8250.000000	99.082
8380.000000	97.668
8500.000000	96.253
8620.000000	94.872
8750.000000	93.470
8850.000000	92.472
9000.000000	91.110
9120.000000	90.128
9250.000000	89.165
9380.000000	88.286
9500.000000	87.531
9620.000000	86.826
9750.000000	86.116
9880.000000	85.456
10000.000000	84.895
10150.000000	84.257
10300.000000	83.681
10440.000000	83.201
10600.000000	82.718
10750.000000	82.325
10900.000000	81.994
11060.000000	81.700
11200.000000	81.485
11380.000000	81.270
11500.000000	81.166
11720.000000	81.049
11800.000000	81.029
12060.000000	81.045
12200.000000	81.114
12410.000000	81.303
12500.000000	81.420
12650.000000	81.665
12800.000000	81.970
13150.000000	82.958
13200.000000	83.138
13400.000000	83.976
13600.000000	85.043
13800.000000	86.424
14000.000000	88.238
14300.000000	91.931
14500.000000	94.474
14750.000000	95.972
15000.000000	94.518
15250.000000	90.921
15500.000000	85.818
15750.000000	77.810
16000.000000	66.876
16250.000000	54.192
16500.000000	40.987
16750.000000	32.427
17000.000000	31.326
17250.000000	31.181
17500.000000	31.124
17750.000000	31.236
18000.000000	31.303
18250.000000	31.129
18500.000000	30.723
18750.000000	30.215
19000.000000	29.566
19250.000000	28.884
19500.000000	28.188
19750.000000	27.373
